Params(1200, 10, 10, 0.05, 3, 5, 250)
gen 0
max: 235
avg: 26.6
best individu: [2078163890, 1278731300, 432457857, 1453503816, 890316025, 757744219, 262350680, 1806384183, 1729431280, 1241774161, 360015454, 162413542, 1480983888, 388976259, 695054462, 68127828, 701727841, 1837576500, 169780330, 1767012733, 366941923, 881463476, 1718301289, 292463611, 241781758, 205405959, 2091981075, 1761279688, 393454731, 1549335879, 1024660449, 580546478, 2112069982, 1620492618, 1468761076, 434143909, 1864250367, 183990126, 1054663479, 1283466511, 1608230282, 64248782, 951970219, 919616421, 87947410, 1573990520, 1908398206, 1035530091, 733561125, 1982754109, 144070387, 787099605, 2096477818, 827517826, 700105421, 1450883343, 1757503699, 757573031, 721667659, 97690171, 128164398, 1684106780, 1392415265, 546291028, 479116710, 625367832, 468175821, 167410847, 1129781865, 1152386051, 683857464, 165031589, 1926845751, 2113550410, 1611707768]
gen 1
max: 265
avg: 116.26666666666667
best individu: [2078163890, 1278731300, 432457857, 1453503816, 890316025, 757744219, 262350680, 1806384183, 1729431280, 1241774161, 360015454, 162413542, 1480983888, 388976259, 695054462, 68127828, 701727841, 1837576500, 169780330, 1767012733, 366941923, 881463476, 1718301289, 292463611, 241781758, 205405959, 2091981075, 1761279688, 393454731, 1549335879, 1024660449, 580546478, 2112069982, 1620492618, 1468761076, 434143909, 1864250367, 183990126, 1054663479, 1283466511, 1608230282, 64248782, 950921643, 919616421, 87947410, 1573990520, 1908398206, 1035530091, 733561125, 1982754109, 144070387, 787099605, 2096477818, 827517826, 700105421, 1450883343, 1757503699, 757573031, 721667659, 97690171, 128164398, 1684106780, 1392415265, 546291028, 479116710, 625367832, 468175821, 167410847, 1129781865, 1152386051, 683857464, 166078117, 1926845751, 2113550410, 1611707768]
gen 2
max: 265
avg: 223.3
best individu: [2078163890, 1278731300, 432457857, 1453503816, 890316025, 757744219, 262350680, 1806384183, 1729431280, 1241774161, 360015454, 162413542, 1480983888, 388976259, 695054462, 68127828, 701727841, 1837576500, 169780330, 1767012733, 366941923, 881463476, 1718301289, 292463611, 241781758, 205405959, 2091981075, 1761279688, 393454731, 1549335879, 1024660449, 580546478, 2112069982, 1620492618, 1468761076, 434143909, 1864250367, 183990126, 1054663479, 1283466511, 1608230282, 64248782, 950921643, 919616421, 87947410, 1573990520, 1908398206, 1035530091, 733561125, 1982754109, 144070387, 787099605, 2096477818, 827517826, 700105421, 1450883343, 1757503699, 757573031, 721667659, 97690171, 128164398, 1684106780, 1392415265, 546291028, 479116710, 625367832, 468175821, 167410847, 1129781865, 1152386051, 683857464, 166078117, 1926845751, 2113550410, 1611707768]
gen 3
max: 265
avg: 240.3
best individu: [2078163890, 1278731300, 432457857, 1453503816, 890316025, 757744219, 262350680, 1806384183, 1729431280, 1241774161, 360015454, 162413542, 1480983888, 388976259, 695054462, 68127828, 701727841, 1837576500, 169780330, 1767012733, 366941923, 881463476, 1718301289, 292463611, 241781758, 205405959, 2091981075, 1761279688, 393454731, 1549335879, 1024660449, 580546478, 2112069982, 1620492618, 1468761076, 434143909, 1864250367, 183990126, 1054663479, 1283466511, 1608230282, 64248782, 950921643, 919616421, 87947410, 1573990520, 1908398206, 1035530091, 733561125, 1982754109, 144070387, 787099605, 2096477818, 827517826, 700105421, 1450883343, 1757503699, 757573031, 721667659, 97690171, 128164398, 1684106780, 1392415265, 546291028, 479116710, 625367832, 468175821, 167410847, 1129781865, 1152386051, 683857464, 166078117, 1926845751, 2113550410, 1611707768]
gen 4
max: 265
avg: 247.33333333333334
best individu: [2078163890, 1278731300, 432457857, 1453503816, 890316025, 757744219, 262350680, 1806384183, 1729431280, 1241774161, 360015454, 162413542, 1480983888, 388976259, 695054462, 68127828, 701727841, 1837576500, 169780330, 1767012733, 366941923, 881463476, 1718301289, 292463611, 241781758, 205405959, 2091981075, 1761279688, 393454731, 1549335879, 1024660449, 580546478, 2112069982, 1620492618, 1468761076, 434143909, 1864250367, 183990126, 1054663479, 1283466511, 1608230282, 64248782, 950921643, 919616421, 87947410, 1573990520, 1908398206, 1035530091, 733561125, 1982754109, 144070387, 787099605, 2096477818, 827517826, 700105421, 1450883343, 1757503699, 757573031, 721667659, 97690171, 128164398, 1684106780, 1392415265, 546291028, 479116710, 625367832, 468175821, 167410847, 1129781865, 1152386051, 683857464, 166078117, 1926845751, 2113550410, 1611707768]
gen 5
max: 265
avg: 249.9
best individu: [2078163890, 1278731300, 432457857, 1453503816, 890316025, 757744219, 262350680, 1806384183, 1729431280, 1241774161, 360015454, 162413542, 1480983888, 388976259, 695054462, 68127828, 701727841, 1837576500, 169780330, 1767012733, 366941923, 881463476, 1718301289, 292463611, 241781758, 205405959, 2091981075, 1761279688, 393454731, 1549335879, 1024660449, 580546478, 2112069982, 1620492618, 1468761076, 434143909, 1864250367, 183990126, 1054663479, 1283466511, 1608230282, 64248782, 950921643, 919616421, 87947410, 1573990520, 1908398206, 1035530091, 733561125, 1982754109, 144070387, 787099605, 2096477818, 827517826, 700105421, 1450883343, 1757503699, 757573031, 721667659, 97690171, 128164398, 1684106780, 1392415265, 546291028, 479116710, 625367832, 468175821, 167410847, 1129781865, 1152386051, 683857464, 166078117, 1926845751, 2113550410, 1611707768]
gen 6
max: 265
avg: 249.16666666666666
best individu: [2078163890, 1278731300, 432457857, 1453503816, 890316025, 757744219, 262350680, 1806384183, 1729431280, 1241774161, 360015454, 162413542, 1480983888, 388976259, 695054462, 68127828, 701727841, 1837576500, 169780330, 1767012733, 366941923, 881463476, 1718301289, 292463611, 241781758, 205405959, 2091981075, 1761279688, 393454731, 1549335879, 1024660449, 580546478, 2112069982, 1620492618, 1468761076, 434143909, 1864250367, 183990126, 1054663479, 1283466511, 1608230282, 64248782, 950921643, 919616421, 87947410, 1573990520, 1908398206, 1035530091, 733561125, 1982754109, 144070387, 787099605, 2096477818, 827517826, 700105421, 1450883343, 1757503699, 757573031, 721667659, 97690171, 128164398, 1684106780, 1392415265, 546291028, 479116710, 625367832, 468175821, 167410847, 1129781865, 1152386051, 683857464, 166078117, 1926845751, 2113550410, 1611707768]
gen 7
max: 265
avg: 265.0
best individu: [2078163890, 1278731300, 432457857, 1453503816, 890316025, 757744219, 262350680, 1806384183, 1729431280, 1241774161, 360015454, 162413542, 1480983888, 388976259, 695054462, 68127828, 701727841, 1837576500, 169780330, 1767012733, 366941923, 881463476, 1718301289, 292463611, 241781758, 205405959, 2091981075, 1761279688, 393454731, 1549335879, 1024660449, 580546478, 2112069982, 1620492618, 1468761076, 434143909, 1864250367, 183990126, 1054663479, 1283466511, 1608230282, 64248782, 950921643, 919616421, 87947410, 1573990520, 1908398206, 1035530091, 733561125, 1982754109, 144070387, 787099605, 2096477818, 827517826, 700105421, 1450883343, 1757503699, 757573031, 721667659, 97690171, 128164398, 1684106780, 1392415265, 546291028, 479116710, 625367832, 468175821, 167410847, 1129781865, 1152386051, 683857464, 166078117, 1926845751, 2113550410, 1611707768]
gen 8
max: 267
avg: 257.6666666666667
best individu: 